18 18 339706423.313943
15 15 338826840.848731
9 18 295509553.671264
5 15 272448773.373464
6 15 258260833.828194
21 15 236225608.564551
38 15 235071558.448951
0 15 208009548.598364
12 18 196031783.825595
25 38 176669880.843
28 38 161425215.458312
44 18 151458770.364715
29 38 96319372.7439275
32 18 94289979.0192137
35 18 92776569.4185904
37 38 92771485.6244867
17 21 86881493.1929422
8 6 81304975.0813232
47 38 73165048.7997373
2 38 70743665.0774279
3 6 66819065.9517482
41 18 51036687.1333932
1 21 48033674.9859251
22 21 34034587.6783506
26 38 30350400.0209681
19 28 14072338.3443253
10 25 13655562.5515728
13 28 13089392.9441267
45 38 11925578.0146706
31 28 9572211.23825712
34 28 9002530.23742082
39 37 3555974.71189243
7 37 580220.859896107
42 37 541767.236472023
11 37 242108.810796442
16 37 226527.118460339
46 46 58658.6505577646
4 4 58645.6176590122
23 23 58637.135286608
24 24 58630.0958677703
27 27 58604.7240566847
36 36 58604.2720176925
40 40 58604.2273248851
20 20 58604.1878339982
30 30 58604.1876029811
14 14 58604.187061399
33 33 58604.187041801
43 43 58604.187041801
